[gd_scene load_steps=10 format=3 uid="uid://d3b6754bgecqt"]

[ext_resource type="PackedScene" uid="uid://67axyi1xr1bu" path="res://player_character.tscn" id="1_frhug"]
[ext_resource type="Script" path="res://glowing_mc_guffin.gd" id="3_si08j"]

[sub_resource type="PlaneMesh" id="PlaneMesh_cbc88"]
size = Vector2(1500, 1500)

[sub_resource type="BoxShape3D" id="BoxShape3D_e1ac4"]
size = Vector3(1500, 1, 1500)

[sub_resource type="TorusMesh" id="TorusMesh_12656"]
inner_radius = 7.326
outer_radius = 11.275

[sub_resource type="BoxMesh" id="BoxMesh_a2nwf"]
size = Vector3(200, 1, 250)

[sub_resource type="BoxShape3D" id="BoxShape3D_xbyve"]
size = Vector3(200, 1, 250)

[sub_resource type="StandardMaterial3D" id="StandardMaterial3D_dq21t"]
emission_enabled = true
emission = Color(0.933333, 0, 0, 1)
emission_energy_multiplier = 32.75

[sub_resource type="SphereMesh" id="SphereMesh_e4a3a"]
material = SubResource("StandardMaterial3D_dq21t")
radius = 20.0
height = 40.0

[node name="World" type="Node3D"]

[node name="WorldEnvironment" type="WorldEnvironment" parent="."]

[node name="PlayerCharacter" parent="." instance=ExtResource("1_frhug")]
motion_mode = 0

[node name="DirectionalLight3D" type="DirectionalLight3D" parent="."]
transform = Transform3D(-0.866025, -0.433013, 0.25, 0, 0.5, 0.866025, -0.5, 0.75, -0.433013, 0, 0, 0)
shadow_enabled = true

[node name="Floor" type="StaticBody3D" parent="."]
visible = false

[node name="MeshInstance3D" type="MeshInstance3D" parent="Floor"]
mesh = SubResource("PlaneMesh_cbc88")
skeleton = NodePath("../..")

[node name="CollisionShape3D" type="CollisionShape3D" parent="Floor"]
shape = SubResource("BoxShape3D_e1ac4")

[node name="MeshInstance3D" type="MeshInstance3D" parent="."]
transform = Transform3D(1, 0, 0, 0, 0.18877, -0.982021, 0, 0.982021, 0.18877, 6.34686, 10.5538, -13.0231)
mesh = SubResource("TorusMesh_12656")

[node name="Wall1" type="StaticBody3D" parent="."]

[node name="MeshInstance3D" type="MeshInstance3D" parent="Wall1"]
transform = Transform3D(0.0358018, -0.77344, -0.632856, -0.447772, 0.553724, -0.702061, 0.893431, 0.30851, -0.3265, -2.27374e-13, -20.1392, -18.9289)
mesh = SubResource("BoxMesh_a2nwf")
skeleton = NodePath("../..")

[node name="CollisionShape3D" type="CollisionShape3D" parent="Wall1"]
transform = Transform3D(0.0358016, -0.773441, -0.632857, -0.447772, 0.553724, -0.702061, 0.893431, 0.30851, -0.326501, -2.27374e-13, -20.1392, -18.9289)
shape = SubResource("BoxShape3D_xbyve")

[node name="Wall2" type="StaticBody3D" parent="."]
transform = Transform3D(0.976506, 0.132157, -0.170208, 0.0630094, -0.930453, -0.360952, -0.206073, 0.341747, -0.91692, -114.82, -201.815, -40.1716)

[node name="MeshInstance3D" type="MeshInstance3D" parent="Wall2"]
transform = Transform3D(0.0358018, -0.77344, -0.632856, -0.447772, 0.553724, -0.702061, 0.893431, 0.30851, -0.3265, -2.27374e-13, -20.1392, -18.9289)
mesh = SubResource("BoxMesh_a2nwf")
skeleton = NodePath("../..")

[node name="CollisionShape3D" type="CollisionShape3D" parent="Wall2"]
transform = Transform3D(0.0358016, -0.773441, -0.632857, -0.447772, 0.553724, -0.702061, 0.893431, 0.30851, -0.326501, -2.27374e-13, -20.1392, -18.9289)
shape = SubResource("BoxShape3D_xbyve")

[node name="GlowingMcGuffin" type="MeshInstance3D" parent="."]
transform = Transform3D(0.951286, 0.026058, -0.307205, -0.297312, -0.186205, -0.936447, -0.0816053, 0.982165, -0.169387, -378.921, -1257.21, 15.7853)
mesh = SubResource("SphereMesh_e4a3a")
script = ExtResource("3_si08j")

[node name="GlowingMcGuffin2" type="MeshInstance3D" parent="."]
transform = Transform3D(0.935561, 0.0168949, -0.35276, -0.343607, -0.187259, -0.920254, -0.0816053, 0.982165, -0.169387, -378.921, -1257.21, 15.7853)
mesh = SubResource("SphereMesh_e4a3a")
script = ExtResource("3_si08j")
