[gd_scene load_steps=12 format=3 uid="uid://cuowist1iksg3"]

[ext_resource type="Material" uid="uid://xm5q02elj4er" path="res://glowing_mcguffin.tres" id="1_1erht"]
[ext_resource type="PackedScene" uid="uid://67axyi1xr1bu" path="res://player_character.tscn" id="1_35cup"]
[ext_resource type="Script" path="res://glowing_mc_guffin.gd" id="2_2qduu"]

[sub_resource type="TorusMesh" id="TorusMesh_12656"]
inner_radius = 7.326
outer_radius = 11.275

[sub_resource type="SphereMesh" id="SphereMesh_e4a3a"]
material = ExtResource("1_1erht")
radius = 20.0
height = 40.0

[sub_resource type="BoxMesh" id="BoxMesh_fk5x3"]
resource_local_to_scene = true
size = Vector3(200.29, 1, 250)

[sub_resource type="BoxShape3D" id="BoxShape3D_0txxd"]
size = Vector3(200, 1, 250)

[sub_resource type="BoxMesh" id="BoxMesh_w3kbm"]
resource_local_to_scene = true
size = Vector3(200.29, 1, 250)

[sub_resource type="BoxShape3D" id="BoxShape3D_eyu2t"]
size = Vector3(200, 1, 250)

[sub_resource type="BoxShape3D" id="BoxShape3D_3wshe"]
size = Vector3(10000, 0, 10000)

[sub_resource type="PlaneMesh" id="PlaneMesh_m8c20"]
size = Vector2(800, 800)

[node name="World" type="Node3D"]

[node name="WorldEnvironment" type="WorldEnvironment" parent="."]

[node name="PlayerCharacter" parent="." instance=ExtResource("1_35cup")]
transform = Transform3D(1, 0, 0, 0, 1, 0, 0, 0, 1, -14.138, 0, 0)
motion_mode = 0

[node name="DirectionalLight3D" type="DirectionalLight3D" parent="."]
transform = Transform3D(-0.866025, -0.433013, 0.25, 0, 0.5, 0.866025, -0.5, 0.75, -0.433013, 0, 0, 0)
shadow_enabled = true

[node name="Donut" type="MeshInstance3D" parent="."]
transform = Transform3D(1, 0, 0, 0, 0.18877, -0.982021, 0, 0.982021, 0.18877, 6.34686, 15.5356, -13.0231)
mesh = SubResource("TorusMesh_12656")

[node name="GlowingMcGuffin" type="MeshInstance3D" parent="."]
transform = Transform3D(0.712785, 0.586404, -0.384795, -0.343055, -0.18704, -0.920504, -0.61176, 0.788128, 0.0678498, 9.2489, -587.945, 540.083)
mesh = SubResource("SphereMesh_e4a3a")
script = ExtResource("2_2qduu")

[node name="Wall1" type="StaticBody3D" parent="."]
transform = Transform3D(0.0358016, -0.773441, -0.632857, -0.447772, 0.553724, -0.702061, 0.893431, 0.30851, -0.326501, 0, -260.049, -18.929)

[node name="MeshInstance3D" type="MeshInstance3D" parent="Wall1"]
transform = Transform3D(1, 0, 0, 0, 0.999999, 0, 0, 0, 0.999999, 0, 0, 0)
mesh = SubResource("BoxMesh_fk5x3")
skeleton = NodePath("../..")

[node name="CollisionShape3D" type="CollisionShape3D" parent="Wall1"]
shape = SubResource("BoxShape3D_0txxd")

[node name="Wall2" type="StaticBody3D" parent="."]
transform = Transform3D(0.976506, 0.132157, -0.170208, 0.0630094, -0.930453, -0.360952, -0.206073, 0.341747, -0.91692, -114.82, -201.815, -40.1716)

[node name="MeshInstance3D" type="MeshInstance3D" parent="Wall2"]
transform = Transform3D(0.0358018, -0.77344, -0.632856, -0.447772, 0.553724, -0.702061, 0.893431, 0.30851, -0.3265, -2.27374e-13, -20.1392, -18.9289)
mesh = SubResource("BoxMesh_w3kbm")
skeleton = NodePath("../..")

[node name="CollisionShape3D" type="CollisionShape3D" parent="Wall2"]
transform = Transform3D(0.0358016, -0.773441, -0.632857, -0.447772, 0.553724, -0.702061, 0.893431, 0.30851, -0.326501, -2.27374e-13, -20.1392, -18.9289)
shape = SubResource("BoxShape3D_eyu2t")

[node name="Transition1" type="Area3D" parent="."]
transform = Transform3D(1, 0, 0, 0, 1, 0, 0, 0, 1, 0, -300.72, 0)

[node name="CollisionShape3D" type="CollisionShape3D" parent="Transition1"]
shape = SubResource("BoxShape3D_3wshe")

[node name="Transition2" type="Area3D" parent="."]
transform = Transform3D(1, 0, 0, 0, 1, 0, 0, 0, 1, 0, -600.72, 0)

[node name="CollisionShape3D" type="CollisionShape3D" parent="Transition2"]
shape = SubResource("BoxShape3D_3wshe")

[node name="BigPipe" type="CSGCombiner3D" parent="."]
transform = Transform3D(1, 0, 0, 0, 1, 0, 0, 0, 1, 0, -77.9104, 0)
use_collision = true

[node name="FloorHole" type="CSGCylinder3D" parent="BigPipe"]
transform = Transform3D(1, 0, 0, 0, 1, 0, 0, 0, 1, 40.438, 77.9104, 0)
operation = 2
radius = 50.001
sides = 64

[node name="Floor" type="CSGMesh3D" parent="BigPipe"]
transform = Transform3D(1, 0, 0, 0, 1, 0, 0, 0, 1, 0, 77.7, 275.109)
mesh = SubResource("PlaneMesh_m8c20")

[node name="Pipe" type="CSGCylinder3D" parent="BigPipe"]
transform = Transform3D(1, 0, 0, 0, 1, 0, 0, 0, 1, 40.5496, 37.737, 0)
radius = 50.5
height = 80.0
sides = 64

[node name="PipeHole" type="CSGCylinder3D" parent="BigPipe"]
transform = Transform3D(1, 0, 0, 0, 1, 0, 0, 0, 1, 40.5496, 40.7865, 0)
operation = 2
radius = 47.0
height = 90.0
sides = 64

[node name="Pickel" type="CSGSphere3D" parent="."]
transform = Transform3D(1, 0, 0, 0, 1, 0, 0, 0, 1, 13.8722, -19.946, 37.6029)
radius = 5.0
rings = 26

[node name="BigPipe2" type="CSGCombiner3D" parent="."]
transform = Transform3D(1, 0, 0, 0, -0.489778, -0.871847, 0, 0.871847, -0.489778, 15.065, -144.965, 45.439)

[node name="Pipe" type="CSGCylinder3D" parent="BigPipe2"]
transform = Transform3D(1, 0, 0, 0, 1, 0, 0, 0, 1, 40.5496, 37.737, 0)
radius = 50.5
height = 150.0
sides = 64

[node name="Hole" type="CSGCylinder3D" parent="BigPipe2"]
transform = Transform3D(1, 0, 0, 0, 1, 0, 0, 0, 1, 40.5496, 40.1774, 0)
operation = 2
radius = 47.0
height = 156.0
sides = 64

[node name="halfpipe" type="CSGCombiner3D" parent="."]
transform = Transform3D(0.0569019, 0, -0.99838, 0, 1, 0, 0.99838, 0, 0.0569019, 34.8256, -129.349, -38.9283)

[node name="PipeWall1" type="CSGBox3D" parent="halfpipe"]
transform = Transform3D(0.999899, 0, -0.014189, 0, 1, 0, 0.014189, 0, 0.999899, 42.4766, -1.43764, 45.6408)
size = Vector3(100, 100, 2)

[node name="PipeWall2" type="CSGBox3D" parent="halfpipe"]
transform = Transform3D(0.999597, 0, -0.0283752, 0, 1, 0, 0.0283752, 0, 0.999597, 92.1726, 1.44979, -47.6948)
size = Vector3(100, 100, 2)

[node name="CSGBox3D" type="CSGBox3D" parent="halfpipe"]
size = Vector3(100, 100, 100)

[node name="CSGSphere3D" type="CSGSphere3D" parent="halfpipe"]
transform = Transform3D(1, 0, 0, 0, 1, 0, 0, 0, 1, 49.3576, 24.8368, 0)
operation = 2
radius = 50.0
rings = 12
