[gd_scene load_steps=11 format=3 uid="uid://cuowist1iksg3"]

[ext_resource type="Material" uid="uid://xm5q02elj4er" path="res://glowing_mcguffin.tres" id="1_1erht"]
[ext_resource type="PackedScene" uid="uid://67axyi1xr1bu" path="res://player_character.tscn" id="1_35cup"]
[ext_resource type="Script" path="res://glowing_mc_guffin.gd" id="2_2qduu"]

[sub_resource type="ProceduralSkyMaterial" id="ProceduralSkyMaterial_e0a3c"]
sky_horizon_color = Color(0.64625, 0.65575, 0.67075, 1)
ground_horizon_color = Color(0.64625, 0.65575, 0.67075, 1)

[sub_resource type="Sky" id="Sky_chrf2"]
sky_material = SubResource("ProceduralSkyMaterial_e0a3c")

[sub_resource type="Environment" id="Environment_qvvhv"]
background_mode = 2
sky = SubResource("Sky_chrf2")
tonemap_mode = 2
glow_enabled = true

[sub_resource type="PlaneMesh" id="PlaneMesh_cbc88"]
size = Vector2(1500, 1500)

[sub_resource type="BoxShape3D" id="BoxShape3D_e1ac4"]
size = Vector3(1500, 1, 1500)

[sub_resource type="TorusMesh" id="TorusMesh_12656"]
inner_radius = 7.326
outer_radius = 11.275

[sub_resource type="SphereMesh" id="SphereMesh_e4a3a"]
material = ExtResource("1_1erht")
radius = 20.0
height = 40.0

[node name="World" type="Node3D"]

[node name="WorldEnvironment" type="WorldEnvironment" parent="."]
environment = SubResource("Environment_qvvhv")

[node name="PlayerCharacter" parent="." instance=ExtResource("1_35cup")]
motion_mode = 0

[node name="DirectionalLight3D" type="DirectionalLight3D" parent="."]
transform = Transform3D(-0.866025, -0.433013, 0.25, 0, 0.5, 0.866025, -0.5, 0.75, -0.433013, 0, 0, 0)
shadow_enabled = true

[node name="Floor" type="StaticBody3D" parent="."]

[node name="MeshInstance3D" type="MeshInstance3D" parent="Floor"]
mesh = SubResource("PlaneMesh_cbc88")
skeleton = NodePath("../..")

[node name="CollisionShape3D" type="CollisionShape3D" parent="Floor"]
shape = SubResource("BoxShape3D_e1ac4")

[node name="MeshInstance3D" type="MeshInstance3D" parent="."]
transform = Transform3D(1, 0, 0, 0, 0.18877, -0.982021, 0, 0.982021, 0.18877, 6.34686, 6.64713, -13.0231)
mesh = SubResource("TorusMesh_12656")

[node name="GlowingMcGuffin" type="MeshInstance3D" parent="."]
transform = Transform3D(0.935561, 0.0168949, -0.35276, -0.343607, -0.187259, -0.920254, -0.0816053, 0.982165, -0.169387, -182.615, -79.3989, 15.7853)
mesh = SubResource("SphereMesh_e4a3a")
script = ExtResource("2_2qduu")
